1741029119021 0.5482926829268293 0
1741029232248 0.5726829268292682 1
1741029343920 0.5726829268292682 2
1741029454506 0.5726829268292682 3
1741029565935 0.5726829268292682 4
1741029677519 0.5726829268292682 5
1741029788243 0.5726829268292682 6
1741029899537 0.5726829268292682 7
1741030012280 0.5726829268292682 8
1741030124815 0.5726829268292682 9
1741030236289 0.5726829268292682 10
1741030347638 0.5726829268292682 11
1741030459625 0.5726829268292682 12
1741030570088 0.5726829268292682 13
1741030682774 0.5726829268292682 14
1741030794219 0.5726829268292682 15
1741030906031 0.5726829268292682 16
1741031018583 0.5726829268292682 17
1741031130260 0.5726829268292682 18
1741031240957 0.5726829268292682 19
1741031352734 0.5726829268292682 20
1741031406826 0.5443902439024391 21
1741031460576 0.5756097560975609 22
1741031514987 0.5756097560975609 23
1741031568710 0.5756097560975609 24
1741031624098 0.5736585365853658 25
1741031678322 0.5736585365853658 26
1741031731473 0.5746341463414634 27
1741031784651 0.5736585365853658 28
1741031837787 0.5736585365853658 29
1741031890524 0.5756097560975609 30
1741031942254 0.5736585365853658 31
1741031992091 0.5736585365853658 32
1741032042251 0.5824390243902439 33
1741032092924 0.5873170731707317 34
1741032144055 0.5756097560975609 35
1741032197363 0.5814634146341463 36
1741032250452 0.5756097560975609 37
1741032302312 0.5902439024390244 38
1741032403565 0.5814634146341463 39
1741032489308 0.6029268292682927 40
1741032544629 0.5941463414634146 41
1741032673667 0.5814634146341463 42
1741032804554 0.5756097560975609 43
1741032936717 0.5736585365853658 44
1741033063755 0.577560975609756 45
1741033194845 0.5765853658536585 46
1741033324284 0.5804878048780487 47
1741033454405 0.6029268292682927 48
1741033583561 0.5756097560975609 49
1741033632547 0.5804878048780487 50
1741033680889 0.5804878048780487 51
1741033730687 0.5746341463414634 52
1741033781247 0.5824390243902439 53
1741033831420 0.5765853658536585 54
1741033919297 0.5795121951219512 55
1741033977357 0.5834146341463414 56
1741034032591 0.577560975609756 57
1741034084984 0.577560975609756 58
1741034136213 0.5795121951219512 59
1741034186148 0.5756097560975609 60
1741034238330 0.5834146341463414 61
1741034292493 0.5756097560975609 62
1741034344651 0.5765853658536585 63
1741034397138 0.5853658536585366 64
1741034448896 0.5785365853658536 65
1741034497019 0.577560975609756 66
1741034545695 0.5765853658536585 67
1741034594008 0.5834146341463414 68
1741034641507 0.5746341463414634 69
1741034690131 0.5814634146341463 70
1741034736196 0.577560975609756 71
1741034782738 0.5746341463414634 72
1741034830600 0.5765853658536585 73
1741034880400 0.577560975609756 74
1741034929999 0.5853658536585366 75
1741034977181 0.5824390243902439 76
1741035022174 0.5746341463414634 77
1741035067574 0.5892682926829268 78
1741035111209 0.5785365853658536 79
1741035155833 0.5824390243902439 80
1741035199838 0.5746341463414634 81
1741035246288 0.5746341463414634 82
1741035289729 0.5814634146341463 83
1741035333890 0.5804878048780487 84
1741035379242 0.5814634146341463 85
1741035425505 0.5746341463414634 86
1741035473168 0.5814634146341463 87
1741035518813 0.5873170731707317 88
1741035564289 0.5746341463414634 89
1741035611719 0.5736585365853658 90
1741035658024 0.5736585365853658 91
1741035706415 0.5765853658536585 92
1741035755268 0.5765853658536585 93
1741035804383 0.5736585365853658 94
1741035851872 0.5736585365853658 95
1741035900243 0.5834146341463414 96
1741035947564 0.5912195121951219 97
1741035997598 0.5804878048780487 98
1741036046583 0.577560975609756 99
