1741029119021 0.0 0
1741029232248 1.0 1
1741029343920 2.0 2
1741029454506 3.0 3
1741029565935 4.0 4
1741029677519 5.0 5
1741029788243 6.0 6
1741029899537 7.0 7
1741030012280 8.0 8
1741030124815 9.0 9
1741030236289 10.0 10
1741030347638 11.0 11
1741030459625 12.0 12
1741030570088 13.0 13
1741030682774 14.0 14
1741030794219 15.0 15
1741030906031 16.0 16
1741031018583 17.0 17
1741031130260 18.0 18
1741031240957 19.0 19
1741031352734 20.0 20
1741031406826 21.0 21
1741031460576 22.0 22
1741031514987 23.0 23
1741031568710 24.0 24
1741031624098 25.0 25
1741031678322 26.0 26
1741031731473 27.0 27
1741031784651 28.0 28
1741031837787 29.0 29
1741031890524 30.0 30
1741031942254 31.0 31
1741031992091 32.0 32
1741032042251 33.0 33
1741032092924 34.0 34
1741032144055 35.0 35
1741032197363 36.0 36
1741032250452 37.0 37
1741032302312 38.0 38
1741032403565 39.0 39
1741032489308 40.0 40
1741032544629 41.0 41
1741032673667 42.0 42
1741032804554 43.0 43
1741032936717 44.0 44
1741033063755 45.0 45
1741033194845 46.0 46
1741033324284 47.0 47
1741033454405 48.0 48
1741033583561 49.0 49
1741033632547 50.0 50
1741033680889 51.0 51
1741033730687 52.0 52
1741033781247 53.0 53
1741033831420 54.0 54
1741033919297 55.0 55
1741033977357 56.0 56
1741034032591 57.0 57
1741034084984 58.0 58
1741034136213 59.0 59
1741034186148 60.0 60
1741034238330 61.0 61
1741034292493 62.0 62
1741034344651 63.0 63
1741034397138 64.0 64
1741034448896 65.0 65
1741034497019 66.0 66
1741034545695 67.0 67
1741034594008 68.0 68
1741034641507 69.0 69
1741034690131 70.0 70
1741034736196 71.0 71
1741034782738 72.0 72
1741034830600 73.0 73
1741034880400 74.0 74
1741034929999 75.0 75
1741034977181 76.0 76
1741035022174 77.0 77
1741035067574 78.0 78
1741035111209 79.0 79
1741035155833 80.0 80
1741035199838 81.0 81
1741035246288 82.0 82
1741035289729 83.0 83
1741035333890 84.0 84
1741035379242 85.0 85
1741035425505 86.0 86
1741035473168 87.0 87
1741035518813 88.0 88
1741035564289 89.0 89
1741035611719 90.0 90
1741035658024 91.0 91
1741035706415 92.0 92
1741035755268 93.0 93
1741035804383 94.0 94
1741035851872 95.0 95
1741035900243 96.0 96
1741035947564 97.0 97
1741035997598 98.0 98
1741036046583 99.0 99
