1741029119021 -98.66123962680993 0
1741029232248 nan 1
1741029343920 nan 2
1741029454506 nan 3
1741029565935 nan 4
1741029677519 nan 5
1741029788243 nan 6
1741029899537 nan 7
1741030012280 nan 8
1741030124815 nan 9
1741030236289 nan 10
1741030347638 nan 11
1741030459625 nan 12
1741030570088 nan 13
1741030682774 nan 14
1741030794219 nan 15
1741030906031 nan 16
1741031018583 nan 17
1741031130260 nan 18
1741031240957 nan 19
1741031352734 nan 20
1741031406826 -89.17074770146853 21
1741031460576 nan 22
1741031514987 nan 23
1741031568710 nan 24
1741031624098 nan 25
1741031678322 nan 26
1741031731473 nan 27
1741031784651 nan 28
1741031837787 nan 29
1741031890524 nan 30
1741031942254 nan 31
1741031992091 nan 32
1741032042251 nan 33
1741032092924 nan 34
1741032144055 nan 35
1741032197363 nan 36
1741032250452 nan 37
1741032302312 nan 38
1741032403565 nan 39
1741032489308 nan 40
1741032544629 nan 41
1741032673667 nan 42
1741032804554 nan 43
1741032936717 nan 44
1741033063755 nan 45
1741033194845 nan 46
1741033324284 nan 47
1741033454405 nan 48
1741033583561 nan 49
1741033632547 nan 50
1741033680889 nan 51
1741033730687 nan 52
1741033781247 nan 53
1741033831420 nan 54
1741033919297 nan 55
1741033977357 nan 56
1741034032591 nan 57
1741034084984 nan 58
1741034136213 nan 59
1741034186148 nan 60
1741034238330 nan 61
1741034292493 nan 62
1741034344651 nan 63
1741034397138 nan 64
1741034448896 nan 65
1741034497019 nan 66
1741034545695 nan 67
1741034594008 nan 68
1741034641507 nan 69
1741034690131 nan 70
1741034736196 nan 71
1741034782738 nan 72
1741034830600 nan 73
1741034880400 nan 74
1741034929999 nan 75
1741034977181 nan 76
1741035022174 nan 77
1741035067574 nan 78
1741035111209 nan 79
1741035155833 nan 80
1741035199838 nan 81
1741035246288 nan 82
1741035289729 nan 83
1741035333890 nan 84
1741035379242 nan 85
1741035425505 nan 86
1741035473168 nan 87
1741035518813 nan 88
1741035564289 nan 89
1741035611719 nan 90
1741035658024 nan 91
1741035706415 nan 92
1741035755268 nan 93
1741035804383 nan 94
1741035851872 nan 95
1741035900243 nan 96
1741035947564 nan 97
1741035997598 nan 98
1741036046583 nan 99
