1741029119021 0.4885268292682927 0
1741029232248 0.49262439024390253 1
1741029343920 0.49262439024390253 2
1741029454506 0.49262439024390253 3
1741029565935 0.49262439024390253 4
1741029677519 0.49262439024390253 5
1741029788243 0.49262439024390253 6
1741029899537 0.49262439024390253 7
1741030012280 0.49262439024390253 8
1741030124815 0.49262439024390253 9
1741030236289 0.49262439024390253 10
1741030347638 0.49262439024390253 11
1741030459625 0.49262439024390253 12
1741030570088 0.49262439024390253 13
1741030682774 0.49262439024390253 14
1741030794219 0.49262439024390253 15
1741030906031 0.49262439024390253 16
1741031018583 0.49262439024390253 17
1741031130260 0.49262439024390253 18
1741031240957 0.49262439024390253 19
1741031352734 0.49262439024390253 20
1741031406826 0.4997842401500939 21
1741031460576 0.494392658778073 22
1741031514987 0.4995791487326639 23
1741031568710 0.5013957981163971 24
1741031624098 0.5001278711816245 25
1741031678322 0.5130559540889527 26
1741031731473 0.5234241989478717 27
1741031784651 0.5230607364897177 28
1741031837787 0.5169296987087518 29
1741031890524 0.5202295552367286 30
1741031942254 0.5224677187948349 31
1741031992091 0.5281205164992826 32
1741032042251 0.5310760401721665 33
1741032092924 0.5312195121951219 34
1741032144055 0.530569105691057 35
1741032197363 0.5273553323768533 36
1741032250452 0.5251841224294596 37
1741032302312 0.5313916786226686 38
1741032403565 0.5340219990435199 39
1741032489308 0.5324533715925394 40
1741032544629 0.5328646580583453 41
1741032673667 0.5298995695839311 42
1741032804554 0.5270970827355331 43
1741032936717 0.5292300334768052 44
1741033063755 0.5307890961262554 45
1741033194845 0.5339837398373982 46
1741033324284 0.5389287422285987 47
1741033454405 0.540545193687231 48
1741033583561 0.5326924916307986 49
1741033632547 0.5305212816834051 50
1741033680889 0.5242276422764227 51
1741033730687 0.5307508369201338 52
1741033781247 0.5423219512195121 53
1741033831420 0.5333853658536586 54
1741033919297 0.5352585365853657 55
1741033977357 0.537951219512195 56
1741034032591 0.5456878048780487 57
1741034084984 0.5395982783357244 58
1741034136213 0.5494228447234967 59
1741034186148 0.547151219512195 60
1741034238330 0.5526243902439023 61
1741034292493 0.5481463414634146 62
1741034344651 0.5532195121951219 63
1741034397138 0.5572975609756097 64
1741034448896 0.5528258191672825 65
1741034497019 0.5598926829268291 66
1741034545695 0.546370731707317 67
1741034594008 0.5514243902439023 68
1741034641507 0.5536975609756096 69
1741034690131 0.5564682926829267 70
1741034736196 0.5560780487804877 71
1741034782738 0.5545560975609757 72
1741034830600 0.545170731707317 73
1741034880400 0.5479121951219512 74
1741034929999 0.5504682926829267 75
1741034977181 0.5602634146341462 76
1741035022174 0.5545170731707316 77
1741035067574 0.5586634146341463 78
1741035111209 0.5579902439024389 79
1741035155833 0.5607902439024389 80
1741035199838 0.5533463414634147 81
1741035246288 0.5598439024390243 82
1741035289729 0.5530731707317073 83
1741035333890 0.5554634146341463 84
1741035379242 0.5577756097560974 85
1741035425505 0.5519414634146341 86
1741035473168 0.5580585365853657 87
1741035518813 0.5530536585365852 88
1741035564289 0.5518341463414633 89
1741035611719 0.5596 90
1741035658024 0.5569365853658536 91
1741035706415 0.5568487804878047 92
1741035755268 0.558351219512195 93
1741035804383 0.5575219512195121 94
1741035851872 0.5517951219512195 95
1741035900243 0.5506048780487803 96
1741035947564 0.5586146341463414 97
1741035997598 0.5620682926829267 98
1741036046583 0.5601268292682926 99
